# 100/100 iterations complete ✅ (11438.52s)
# Best fitness=0.51571 observed at iteration 86
# Best fitness metrics are {'metrics/precision(B)': 0.92393, 'metrics/recall(B)': 0.85424, 'metrics/mAP50(B)': 0.91447, 'metrics/mAP50-95(B)': 0.4714, 'val/box_loss': 1.9731, 'val/cls_loss': 0.81375, 'val/dfl_loss': 1.27925, 'fitness': 0.51571}
# Best fitness hyperparameters are printed below.

lr0: 0.001
lrf: 0.0001
momentum: 0.87222
weight_decay: 0.0005
warmup_epochs: 2.85133
warmup_momentum: 0.86051
box: 7.79257
cls: 0.51982
dfl: 1.51628
hsv_h: 0.01364
hsv_s: 0.81563
hsv_v: 0.37244
degrees: 0.0
translate: 0.10224
scale: 0.61705
shear: 0.0
perspective: 0.0
flipud: 0.0
fliplr: 0.4769
mosaic: 0.6736
mixup: 0.0
copy_paste: 0.0
